-10 -9 -20 
16 25 3 
-22 -24 27 
-9 28 -19 
-2 6 -16 
27 31 6 
-9 -22 -7 
14 24 -15 
23 -18 12 
27 31 21 
9 23 5 
4 27 8 
30 -11 23 
24 -5 3 
-23 11 22 
-3 -30 -29 
-23 -8 19 
-11 -30 14 
-8 26 -11 
-24 -10 6 
13 -17 28 
5 -28 8 
6 -7 28 
3 25 29 
23 28 -16 
-28 19 20 
16 23 22 
-9 2 3 
-18 14 19 
15 30 -14 
29 -22 16 
3 -7 28 
-7 11 27 
29 7 10 
-15 -29 19 
-1 12 26 
-10 -22 21 
-19 -12 23 
17 -11 25 
30 23 -29 
-15 -11 6 
8 -9 -13 
-22 13 -21 
19 -29 9 
3 -1 12 
31 -14 25 
28 -25 24 
-27 -6 -32 
26 3 4 
-1 9 24 
-11 1 7 
29 23 -8 
-2 -23 -21 
20 24 -25 
-1 30 -10 
-9 -25 -22 
-9 -24 31 
-23 -7 -2 
-24 -16 -29 
14 -32 4 
24 -14 15 
17 3 32 
-7 -29 17 
32 -21 -3 
-16 13 -6 
9 -26 -20 
3 -28 20 
14 23 25 
-4 -15 16 
8 -28 -29 
-15 2 -4 
-22 -21 24 
-7 -11 30 
26 -15 -12 
-5 -29 -2 
-7 -32 -9 
-9 6 -17 
-10 18 3 
-6 -23 13 
9 15 19 
15 18 -32 
7 -30 -18 
-31 -24 -9 
-7 20 26 
-24 18 -10 
-24 -16 -17 
-30 15 -13 
-4 17 -29 
-26 -29 -20 
-21 -29 -8 
23 -31 15 
-9 -6 29 
25 26 -14 
-5 12 19 
1 -2 32 
-31 18 -15 
-15 4 25 
-3 -23 26 
-16 14 22 
15 5 9 
29 2 -17 
-3 -10 -9 
18 3 -1 
-32 -22 16 
-20 -3 -8 
-22 -7 -3 
-18 -10 13 
-17 -8 24 
-31 -26 5 
-1 -18 -25 
10 -20 -17 
28 8 -2 
-12 -1 -31 
-6 31 -18 
30 -3 28 
-5 21 -12 
14 -30 -25 
-4 7 11 
-1 -30 -25 
3 -32 -12 
-24 -4 -32 
12 3 25 
-13 20 -7 
-28 -23 26 
-16 13 3 
3 -30 -19 
-5 -20 7 
-11 8 -24 
2 -32 -11 
5 26 22 
22 25 32 
-12 -6 -28 
-24 -7 10 
-4 -32 26 
17 31 -11 
-21 -8 28 
17 5 6 
2 -6 8 
-32 -28 -4 
22 -20 18 
-2 -14 -24 
20 1 -16 
19 29 31 
-4 -2 29 
17 5 -22 
25 20 2 
-4 -32 3 
7 25 31 
29 -17 14 
12 25 20 
-16 7 9 
-21 -23 -3 
9 -18 17 
-12 -18 -14 
5 -10 -13 
23 14 -25 
-20 25 -13 
21 6 -2 
29 31 -8 
-15 -5 13 
-28 16 27 
-7 -3 30 
12 22 -29 
32 30 26 
-8 -32 -31 
24 -32 4 
-13 25 10 
-8 -2 -27 
-19 -8 -1 
6 8 -10 
18 3 14 
-17 24 -14 
-8 22 6 
17 7 31 
12 -24 -10 
3 15 16 
-17 24 31 
3 7 -30 
28 -2 18 
28 -32 3 
-24 -25 -16 
-7 -21 -8 
-11 -29 -14 
-25 22 -16 
7 26 15 
-25 -1 17 
-23 29 -17 
1 -11 -10 
-20 -16 -31 
-29 1 21 
-23 21 17 
-8 22 -15 
27 -2 10 
-1 -6 4 
12 -19 6 
23 3 20 
-6 7 -29 
-14 29 -12 
-5 4 29 
-20 21 -29 
10 32 -1 
4 21 27 
-10 -22 6 
5 32 30 
-18 26 -8 
10 -19 22 
3 19 26 
-24 9 -1 
-2 27 -23 
10 -7 -25 
-9 31 -16 
18 12 -23 
20 -1 7 
-19 13 24 
30 10 13 
6 -8 -11 
-30 -32 23 
11 -3 -8 
-28 15 -19 
28 31 -21 
-13 26 -4 
-7 16 26 
11 -3 4 
-22 -24 21 
16 -12 -20 
-12 -28 27 
4 -25 17 
16 -13 -6 
15 32 12 
4 -21 19 
-15 24 12 
17 15 27 
-10 -30 23 
28 -20 -14 
-11 28 6 
-4 15 12 
8 7 -14 
22 15 -23 
30 -17 -14 
-26 -8 -16 
8 3 23 
12 -29 -22 
-19 25 -9 
-28 -22 -7 
31 -13 -24 
24 -23 32 
-29 27 -13 
12 -23 -24 
17 12 26 
18 17 -23 
14 18 13 
31 32 25 
13 17 28 
16 -12 27 
-22 27 28 
21 -18 -22 
-10 -30 -4 
-27 15 -13 
22 -29 12 
-20 25 18 
-8 -12 -9 
14 16 -1 
-32 -24 31 
-18 30 -4 
6 -23 24 
31 2 29 
-19 -21 -28 
14 -11 3 
5 -19 29 
-32 31 -30 
17 12 -30 
-32 20 -28 
-6 -25 -9 
30 -18 21 
13 -3 27 
-5 -15 -14 
-4 7 29 
19 27 5 
-32 -4 -27 
-8 -25 26 
-2 5 -4 
18 -27 -9 
-10 -17 26 
24 5 -20 
-20 7 -29 
7 -11 -15 
-20 9 -4 
2 17 14 
15 -18 21 
31 -7 23 
22 30 6 
-7 -11 -9 
-8 2 -25 
22 19 -15 
12 -7 -14 
12 11 -18 
13 -30 2 
-11 28 2 
9 27 17 
-8 -19 2 
19 -13 -25 
-16 -12 7 
16 11 -9 
16 26 6 
19 -5 -10 
-20 13 -29 
-26 7 22 
7 28 12 
-30 -9 -6 
-32 -31 11 
14 -8 27 
30 31 -4 
-29 -1 -15 
-31 -19 -14 
28 -18 -14 
8 15 12 
-31 -7 22 
-6 -7 18 
-4 20 -13 
-4 -21 -9 
-12 -8 7 
-30 -11 3 
8 31 14 
16 -20 3 
31 -11 5 
-26 -3 -25 
-21 -3 23 
2 -18 25 
-18 -19 31 
2 17 -10 
-9 29 28 
18 -6 -31 
21 -13 24 
-30 -5 24 
-9 24 -3 
18 -7 -5 
-7 -26 -11 
-3 11 16 
-20 -3 -17 
-3 31 -15 
-27 -28 -17 
-22 -20 4 
-25 15 31 
-21 32 -30 
14 19 31 
-31 22 -2 
12 26 5 
9 -14 31 
-8 -24 -28 
23 -14 2 
22 26 2 
17 22 -15 
28 -17 21 
20 22 28 
-12 -16 15 
-5 23 -20 
-19 -2 30 
-31 -4 11 
-28 2 23 
5 -16 -8 
-5 -6 -20 
-3 -18 -26 
22 13 -20 
9 20 29 
31 -15 -4 
-22 -3 16 
27 32 7 
-24 -2 -10 
-22 -19 27 
18 -3 21 
-16 -6 4 
-1 18 11 
6 5 -3 
-4 6 -12 
-3 -32 -25 
-24 -32 -15 
30 -24 26 
-13 4 -10 
-15 -5 31 
-7 11 18 
-29 23 -5 
18 -8 -28 
2 -19 31 
-8 28 22 
-10 -11 -28 
-1 31 4 
3 21 -19 
13 -11 -22 
-25 6 -9 
-22 28 -6 
14 5 20 
8 -1 -31 
-13 5 -32 
20 -3 2 
13 7 -12 
24 -4 -20 
10 27 -2 
25 -10 -13 
25 22 21 
-14 20 23 
-13 18 29 
2 -30 -6 
-21 -20 -8 
13 14 -1 
-29 -20 8 
-13 7 22 
2 -4 -18 
32 19 25 
7 -14 -30 
-12 32 -11 
-14 -7 25 
-8 4 -16 
4 29 -16 
-28 16 25 
11 -3 32 
-29 -32 -4 
-26 -28 13 
-10 -21 16 
-4 2 -24 
2 21 24 
29 -30 -6 
21 -17 13 
-5 -13 -14 
32 -28 11 
27 15 -21 
24 28 -11 
-20 32 -3 
32 14 -30 
28 12 14 
13 5 -10 
-29 -20 18 
24 25 -20 
12 -18 -28 
27 2 -18 
-11 -3 17 
27 16 29 
-11 -29 -2 
-18 -10 12 
-16 3 -11 
3 5 -25 
13 5 10 
-2 -1 -30 
27 11 8 
-16 10 19 
-9 18 6 
5 -32 -16 
13 1 30 
17 -6 10 
13 -28 27 
12 -29 -5 
6 -31 -14 
-18 -25 -30 
-7 20 27 
22 24 -14 
25 -19 24 
6 -11 18 
17 10 27 
20 -26 -8 
-27 18 -8 
-28 -19 -12 
-6 -25 7 
13 23 -10 
-29 18 9 
-19 -31 -10 
7 19 -5 
-16 29 -3 
-11 22 21 
-8 -2 -25 
14 -26 29 
-15 3 18 
11 28 25 
-14 -17 -12 
8 -10 -1 
-23 13 10 
-1 10 -29 
13 12 19 
-18 16 -8 
-15 -2 -14 
-24 -28 -22 
31 12 32 
-6 4 -5 
26 -27 18 
-9 2 6 
-26 -7 -17 
-15 4 -10 
2 19 -15 
-19 20 -4 
6 -29 -11 
12 4 -16 
-16 24 -18 
-29 -6 10 
9 23 15 
-7 25 -4 
16 7 25 
-4 -19 27 
-3 -16 25 
29 -10 7 
9 25 2 
16 18 -8 
-14 -16 23 
-12 31 13 
16 -6 -19 
27 4 -3 
-27 -16 -4 
26 5 27 
17 -26 5 
-29 -24 21 
-11 -29 -24 
22 -32 7 
11 27 30 
28 -8 27 
12 -11 -5 
22 27 30 
-28 8 -23 
-1 17 -3 
17 -15 32 
-29 30 27 
-15 18 -30 
23 -6 32 
-1 -2 -17 
-9 -26 -2 
1 -11 17 
22 11 13 
-10 32 9 
7 31 -32 
-9 29 2 
-2 9 11 
-4 28 7 
18 25 12 
15 -16 26 
-32 -21 -25 
-27 5 32 
-17 14 -30 
3 2 17 
7 21 8 
1 19 -25 
28 15 30 
20 18 -21 
27 23 18 
15 30 2 
15 -24 12 
-30 16 -29 
12 7 -3 
13 24 -2 
17 -4 30 
-29 -12 -6 
8 -10 -15 
18 -29 4 
-20 -30 5 
-25 19 15 
-10 25 -7 
17 -3 -21 
-28 -12 -17 
-28 12 29 
-2 1 25 
18 23 10 
15 -12 28 
9 -19 -32 
-11 25 -21 
-24 6 -11 
23 28 30 
15 -25 -30 
10 19 -32 
-3 16 -8 
14 22 31 
26 -10 -24 
-15 19 -22 
-10 -5 29 
-10 26 -22 
24 9 -4 
25 4 30 
27 -16 -30 
-24 -14 18 
-24 -8 11 
26 -19 -32 
18 -25 13 
29 32 -18 
-18 -32 -30 
-5 -6 22 
12 4 22 
15 13 -10 
-9 -21 27 
-14 8 24 
-6 -15 -27 
-6 21 -23 
4 5 30 
26 10 -9 
19 -17 20 
-17 25 10 
23 -28 -18 
-7 -10 -5 
5 1 -16 
4 29 12 
17 27 -5 
20 14 25 
-21 -31 15 
-8 -24 31 
-5 29 19 
14 23 -6 
-24 12 -30 
-28 6 -31 
3 -4 20 
23 -28 22 
-5 -1 -20 
11 23 29 
-22 18 19 
31 22 -25 
27 13 -9 
-21 -14 -30 
18 -12 -23 
-15 29 -27 
16 -24 -8 
-30 26 -5 
31 15 -28 
5 17 -9 
25 -23 -4 
8 29 16 
17 5 -22 
15 20 24 
-16 18 2 
-1 -28 10 
-16 6 -11 
23 -16 -9 
-11 20 12 
30 31 22 
-28 29 -9 
-5 24 27 
-14 28 -27 
4 -14 6 
-5 25 -8 
25 21 -28 
8 -1 -15 
-7 -16 30 
-14 3 -27 
32 -1 -9 
-28 -11 8 
11 9 5 
1 -2 31 
18 23 31 
-30 -4 28 
23 11 -22 
-32 -13 -27 
-27 2 31 
5 -14 -23 
-20 22 -7 
5 10 -17 
-22 25 23 
-19 -28 30 
27 -6 31 
-25 23 9 
22 -1 -19 
1 25 -16 
21 29 31 
-13 -6 -15 
7 -5 22 
-2 9 -6 
-8 -15 -32 
2 -7 1 
2 -30 15 
-1 14 -10 
-6 13 -20 
10 31 28 
-26 -2 4 
-26 4 25 
-29 24 -14 
25 17 -10 
21 -3 24 
-17 -31 12 
-6 -25 5 
17 23 11 
32 14 13 
32 -2 19 
-13 -1 -7 
17 21 13 
-21 -32 -19 
24 -5 13 
14 -26 27 
-3 23 18 
-32 28 -19 
-19 -8 14 
-19 -25 -4 
-6 20 2 
25 13 21 
14 20 -7 
11 7 -10 
-12 -10 8 
-19 -20 27 
13 7 -24 
3 -15 29 
9 13 6 
-1 -7 30 
21 -23 -19 
-3 -26 -12 
-19 -17 13 
-28 25 -30 
-29 -9 27 
-29 19 -10 
-32 -3 -30 
-26 21 -28 
-10 -13 20 
21 -11 32 
23 -11 -26 
1 -11 9 
22 10 -26 
-6 21 8 
-27 5 -12 
-10 6 -18 
-31 -6 -5 
16 5 20 
-22 -12 25 
31 24 -19 
27 1 6 
5 24 22 
-1 -24 -13 
-20 -23 11 
-10 -23 -16 
-32 25 -24 
-11 18 -31 
-22 5 -32 
28 5 21 
32 25 13 
28 -3 7 
-11 7 28 
21 -25 22 
-12 -32 4 
-27 31 16 
-13 29 -5 
-11 13 16 
32 9 22 
-14 -4 -6 
14 6 21 
-16 -32 7 
-3 31 -26 
-10 17 -29 
17 13 26 
29 25 -32 
3 28 -1 
24 -22 21 
31 -28 -22 
29 -19 7 
2 5 -22 
5 -25 26 
-5 -6 22 
13 -8 -32 
-6 15 1 
11 -19 -9 
7 5 -3 
-21 18 -24 
15 -20 32 
-24 -6 -31 
8 15 -31 
-1 -26 -7 
31 2 -23 
-9 15 31 
21 10 11 
-4 -15 28 
3 -1 -5 
-30 21 -1 
27 3 -2 
29 2 -7 
-22 30 17 
-25 -32 -13 
24 32 5 
-30 16 -4 
-26 22 -4 
14 -19 -28 
18 3 20 
24 -10 -26 
-26 -9 15 
12 10 -30 
-27 4 -8 
30 -17 -8 
-16 -15 1 
-1 -2 26 
-6 21 -12 
-4 20 -12 
3 -4 23 
31 14 -13 
-14 6 -12 
22 12 6 
8 12 26 
-29 23 -4 
11 -27 18 
-8 12 6 
-30 -25 2 
-3 14 5 
22 -16 6 
8 -3 30 
25 -2 20 
-4 -6 23 
-5 27 -22 
-15 -30 22 
21 -13 6 
19 30 28 
14 -30 -21 
-16 30 -25 
-23 16 -11 
29 -9 18 
15 -21 -4 
-24 -20 -2 
12 -2 -3 
-26 5 -7 
19 -9 15 
-9 -6 -12 
17 27 4 
-11 14 -4 
-32 24 8 
1 -5 -3 
31 29 16 
-29 5 20 
31 -11 -30 
-3 2 30 
19 10 27 
1 3 27 
20 -14 -25 
-26 -30 28 
-6 7 -23 
30 22 -17 
16 -19 23 
20 15 29 
-2 5 8 
-11 -31 -12 
2 16 -1 
-30 11 31 
-4 23 -12 
26 -6 -13 
-10 -1 -15 
-27 -11 -3 
23 -11 -8 
29 13 24 
29 -12 15 
21 28 -8 
-24 -18 5 
-22 28 18 
3 -7 -6 
31 32 -24 
-23 -31 -6 
31 -5 -1 
-17 -15 -14 
-32 -9 2 
24 -32 -12 
-14 -23 -18 
-3 1 26 
-9 27 21 
-22 15 -7 
20 -2 23 
-10 -21 24 
3 28 -20 
-7 -13 3 
-20 -23 15 
-16 4 -26 
24 -9 1 
23 22 16 
19 -12 -23 
-24 -11 13 
16 -8 -15 
18 -13 8 
20 -4 -12 
4 -23 18 
25 27 -20 
11 23 -28 
-13 32 -1 
15 28 -32 
-21 23 -31 
-9 -7 30 
-20 -31 32 
-5 24 -17 
-23 5 -14 
23 -27 -5 
12 -27 30 
-29 2 -16 
-9 14 -17 
-25 -23 -9 
-8 29 21 
-14 -24 8 
17 4 -12 
3 -17 -9 
-14 -11 -30 
-18 15 30 
29 -28 -26 
-6 13 3 
-14 -32 17 
-18 1 -28 
-3 6 -9 
29 31 4 
-2 15 -28 
24 -23 -11 
-23 -32 -2 
-21 -18 22 
-20 1 11 
-11 -2 -28 
-13 -24 23 
-9 8 -27 
19 11 23 
21 -16 -12 
29 1 26 
29 31 -5 
6 21 32 
-4 -18 27 
-19 20 24 
-16 4 -20 
9 -28 -27 
22 6 20 
-15 13 16 
9 -8 7 
24 12 13 
1 -25 29 
-6 28 -20 
-15 -1 24 
-9 20 22 
16 10 15 
-1 5 -14 
-7 -30 -20 
23 -9 21 
32 15 -9 
13 3 -27 
2 -3 -22 
-28 -13 30 
22 4 -10 
27 -20 -14 
-13 -9 -3 
-21 -25 17 
-12 -13 -9 
21 22 24 
-17 24 20 
25 -26 -8 
-31 -6 24 
22 4 7 
13 20 -22 
-2 -12 -22 
-11 -19 -5 
10 -3 1 
11 -18 -9 
31 24 -10 
31 25 -4 
30 -7 18 
15 4 -22 
18 -3 12 
-13 -31 5 
-13 3 -10 
17 25 22 
12 -28 22 
-32 -30 -9 
-5 -27 -4 
32 6 27 
2 -15 -16 
-21 12 -28 
10 16 -2 
14 -22 -30 
29 -22 -13 
18 -27 -5 
10 2 5 
22 -7 -18 
13 21 -25 
13 2 23 
18 -16 17 
-23 24 28 
-3 -12 -23 
15 1 8 
16 20 17 
-17 -26 15 
1 15 6 
-6 -10 32 
1 -28 10 
-8 24 4 
-10 6 -24 
-18 22 12 
26 25 27 
28 -6 -21 
-26 -10 5 
-11 21 -8 
22 -19 -12 
11 -16 -21 
-22 25 27 
2 3 -14 
-10 32 -16 
-28 -13 9 
-28 16 -5 
6 -28 18 
-13 -7 -4 
-5 16 -4 
13 30 -26 
27 24 31 
-16 -8 25 
21 -6 22 
-10 -13 27 
-8 7 -28 
-21 -9 -14 
-28 -10 13 
12 -7 5 
-20 -23 26 
3 -6 -12 
4 5 8 
10 -24 18 
-32 6 -7 
24 23 21 
20 -16 21 
14 31 15 
-31 15 18 
-21 -18 -16 
-2 -3 -7 
15 -7 -32 
12 17 25 
-6 -22 -30 
5 -13 -15 
-32 -15 -28 
-1 -32 -12 
18 7 -29 
-29 -1 -23 
22 1 -20 
9 18 -14 
-27 -25 12 
-15 -2 -1 
1 24 -26 
-3 -19 -1 
-18 8 29 
28 -22 29 
31 22 12 
-30 8 5 
-28 -6 16 
-3 6 -9 
-12 7 27 
29 -25 7 
7 8 -11 
-13 30 12 
-5 -16 22 
-7 20 8 
-4 -6 -24 
21 3 1 
6 19 -32 
8 5 12 
-28 5 -6 
-27 -19 -16 
-9 -25 2 
-30 1 21 
15 -13 -21 
12 16 -2 
-2 27 -25 
-19 -16 -20 
8 -9 16 
-25 19 31 
-26 -9 31 
14 -31 -9 
1 -3 6 
-25 -32 -13 
-11 -22 30 
-2 26 -19 
-8 5 -23 
23 -22 18 
-25 18 2 
-1 -11 -21 
15 -11 22 
9 27 15 
30 9 25 
-16 4 7 
-4 -14 31 
4 10 -9 
4 13 11 
9 12 5 
-29 -24 15 
16 -27 12 
-2 -30 -22 
-14 22 24 
-6 -5 -28 
24 12 26 
-28 16 4 
-5 21 -8 
-7 15 26 
-12 15 9 
-4 18 -20 
-23 6 19 
8 -28 23 
32 20 22 
12 -20 -26 
-7 10 32 
-12 -19 17 
-28 29 16 
-29 -5 -1 
-5 24 -32 
-11 -5 21 
-13 -18 -11 
-29 23 -15 
26 2 -14 
26 22 -28 
-15 18 -7 
-32 -5 -7 
31 -13 -14 
17 22 12 
7 13 17 
29 26 15 
7 27 -28 
15 2 16 
31 21 -30 
5 -9 -20 
-14 13 -22 
-2 -32 -8 
31 -2 -29 
25 32 1 
26 -10 -23 
24 31 4 
29 9 -15 
-6 -3 -29 
14 -27 31 
6 30 22 
3 -24 5 
5 6 32 
17 25 -5 
-32 -11 21 
7 -5 -10 
-11 -21 18 
-11 -7 8 
-5 -11 -29 
19 -7 -18 
27 -22 25 
25 -4 26 
-13 28 18 
-22 26 -25 
-21 31 7 
1 13 25 
17 27 9 
-2 7 5 
13 6 -2 
-9 8 -26 
-19 -2 -29 
4 5 -16 
21 -4 9 
23 12 31 
26 15 25 
8 -6 -5 
31 12 20 
-32 24 -3 
30 14 27 
31 23 5 
5 -9 12 
31 -12 -23 
30 -16 15 
-13 -14 29 
-22 17 -14 
7 -14 -2 
-22 -16 -24 
21 15 -17 
-3 9 23 
15 -11 7 
13 32 1 
31 22 7 
27 -14 -23 
-5 -31 26 
11 26 22 
18 9 27 
-29 -32 27 
17 -18 -2 
7 14 24 
32 24 -21 
24 -4 18 
-10 22 11 
7 24 16 
12 -14 25 
31 32 30 
-11 14 -7 
14 31 -19 
11 23 24 
-18 -8 32 
9 19 5 
-3 -25 -15 
-30 -14 18 
24 20 -23 
-4 -17 -3 
24 -19 18 
10 -6 -23 
-3 19 10 
32 -27 5 
-4 3 19 
16 -20 11 
-22 -17 -4 
15 30 32 
26 2 14 
-3 16 -5 
-20 10 -15 
-16 32 -25 
17 24 -27 
-26 -8 -4 
23 -4 24 
-20 31 -10 
4 -20 6 
13 20 25 
1 -28 -24 
-12 -4 -29 
-25 -9 6 
-19 15 -16 
31 -4 14 
3 -9 -14 
3 -9 -26 
-18 -32 -28 
-26 13 28 
24 4 2 
28 29 2 
23 -32 -2 
7 25 -24 
-30 1 -16 
-17 -26 -30 
-30 -8 -2 
-9 -7 1 
-22 -32 -26 
12 1 6 
31 11 16 
20 -1 31 
22 32 -8 
17 25 -12 
-32 12 18 
23 -30 -27 
7 -16 20 
-9 15 -17 
1 25 -16 
-2 -29 27 
-13 -4 25 
-12 -16 -21 
30 -9 8 
15 5 -19 
-26 -11 20 
15 -31 32 
15 -28 -23 
-18 -29 26 
27 13 -32 
-26 -5 -28 
-29 19 10 
5 -11 -20 
18 25 -32 
21 25 12 
-3 8 15 
-12 -15 25 
21 -3 7 
30 -26 -3 
-18 -32 1 
-10 -23 -12 
-28 -2 -30 
21 11 18 
-22 -6 13 
12 31 11 
31 21 -22 
27 -22 -14 
-11 31 -32 
18 19 -10 
15 11 -32 
20 25 -21 
16 -1 -18 
14 -13 -32 
15 13 31 
18 -13 -27 
8 15 11 
23 10 -26 
29 -8 -24 
28 -29 -30 
7 -9 11 
-27 19 10 
8 19 2 
13 1 -29 
-14 5 30 
-30 25 -4 
-14 12 21 
26 13 -31 
10 25 22 
-19 -8 5 
-6 16 29 
-6 -1 23 
-2 15 23 
19 24 14 
29 -32 2 
-6 10 13 
-18 31 -2 
11 -7 -8 
5 1 18 
-6 -14 -24 
-16 -18 32 
30 -9 -27 
9 -23 -16 
13 -16 14 
5 6 -8 
-21 -1 17 
26 20 15 
-22 26 -8 
23 -13 -16 
-24 -2 -11 
-17 -24 -6 
18 -30 12 
-32 -10 -23 
-7 30 -25 
-7 -31 -28 
-11 4 -18 
-24 -14 -31 
-6 18 30 
-30 -6 -19 
-30 -27 13 
-27 -30 12 
-20 -24 -9 
3 -27 -6 
-11 31 -1 
-19 20 23 
-16 -12 -11 
21 -29 -31 
17 29 2 
18 -12 19 
13 -29 -17 
-4 -7 -14 
-7 -1 4 
-26 -4 18 
-13 26 -15 
-6 13 -15 
-16 -28 -3 
2 -14 31 
21 -2 -14 
-17 -31 -3 
32 3 26 
32 -22 -16 
-30 -21 22 
32 -5 22 
-2 3 -6 
-27 7 21 
22 30 23 
13 -29 22 
-27 -1 8 
15 5 -27 
24 25 12 
-12 -3 -11 
25 28 -9 
-5 23 -1 
21 11 -17 
10 27 28 
13 32 -18 
30 17 -28 
-3 21 -16 
-26 -8 -17 
32 -14 23 
-25 -28 8 
26 32 8 
-12 -19 24 
21 -12 -2 
-29 14 -8 
-6 5 14 
-21 -6 -20 
22 6 30 
17 7 -5 
13 1 4 
27 -23 5 
23 6 -12 
27 -2 10 
24 28 29 
20 27 -3 
-21 19 8 
-16 32 -2 
11 -23 -1 
-6 31 2 
13 6 14 
-20 6 -15 
-10 11 16 
-22 -16 27 
20 1 -7 
23 11 17 
-11 -15 -29 
1 6 -10 
-10 20 6 
-19 -21 22 
-18 -16 31 
15 -5 10 
27 18 10 
-32 -30 -22 
5 -3 -4 
-6 1 30 
-7 5 6 
8 21 -6 
23 -1 32 
25 19 -8 
21 5 -6 
-21 18 26 
-15 20 21 
12 10 17 
28 -8 -24 
-29 13 14 
8 -30 16 
14 24 26 
-8 -11 14 
-7 -23 13 
-7 23 28 
-3 -15 25 
30 27 7 
-9 -8 -32 
-32 -24 -25 
-28 -25 -9 
-18 -4 -32 
29 -25 6 
-21 19 -12 
30 4 -7 
-28 23 7 
-10 -2 -9 
-10 -30 12 
18 13 21 
-2 12 1 
-10 25 -2 
-32 19 -20 
-6 -17 16 
-21 5 -8 
-24 -8 -32 
-11 -5 2 
-31 -6 19 
-20 31 24 
2 13 22 
23 21 28 
15 21 22 
-8 22 -11 
13 -17 31 
9 12 -31 
-6 17 1 
-21 -32 -30 
-18 11 13 
27 -20 -16 
-22 -11 -31 
-30 17 31 
5 -25 -20 
-24 -20 -6 
-27 17 -29 
-8 19 5 
15 29 5 
20 -6 17 
-12 9 18 
14 13 -32 
-8 26 -25 
-1 -32 -9 
-11 -21 -6 
-12 18 -9 
3 26 -18 
-5 31 -11 
3 -29 -28 
-16 -1 -8 
31 6 -20 
-18 16 -20 
-28 -20 3 
-19 -5 13 
-24 22 -12 
-12 25 -11 
8 -6 -22 
27 -30 24 
-16 17 -11 
5 -31 -29 
31 -23 2 
31 8 -5 
22 7 4 
-5 -3 24 
9 -22 24 
-3 -26 10 
25 19 4 
-21 -7 5 
-18 -4 -27 
-3 -11 22 
-15 5 26 
-8 -26 11 
8 -11 -5 
16 24 -15 
20 11 -3 
5 -23 4 
-4 23 -31 
-14 -5 8 
-23 26 -12 
-21 -14 -25 
17 5 -26 
-25 -32 -13 
25 17 14 
-9 23 3 
12 3 14 
-7 -2 -20 
19 3 17 
22 23 -1 
-7 16 -5 
-27 24 -14 
4 -30 20 
11 29 31 
21 -4 -12 
1 18 12 
8 -7 28 
31 -6 -23 
-14 11 -3 
-29 27 13 
2 4 -9 
-3 -12 24 
-7 -1 -27 
16 -2 -8 
11 23 -3 
31 5 -12 
1 -28 14 
-10 30 -7 
19 -5 17 
-6 8 12 
25 6 27 
9 -16 -18 
11 15 -21 
13 -15 21 
20 21 -26 
-11 31 -32 
-19 32 -4 
32 9 -16 
13 -22 -10 
4 24 25 
